177 178 179 180 181 182 183 184 185 186 187 193
64 177 178 179 180 181 183 184 185 186 187 311
103 177 178 179 180 181 182 183 184 186 187 275
106 177 178 179 180 181 182 183 184 186 187 272
124 177 178 179 180 181 182 183 184 185 187 255
128 177 178 179 180 181 182 183 184 185 187 251
56 177 178 179 181 182 183 184 186 187 230 275
100 177 178 179 180 181 182 183 184 187 188 275
103 103 177 178 180 181 182 183 184 186 187 339
103 120 177 178 179 180 182 183 184 186 187 329
103 177 178 179 180 181 182 183 184 186 189 272
24 177 178 180 181 182 183 184 186 187 272 272
46 177 178 179 180 182 183 184 186 187 247 272
106 145 177 178 179 181 182 183 184 186 187 303
106 177 178 179 180 181 182 183 184 187 188 269
100 177 178 179 180 181 182 183 184 187 209 255
120 177 178 179 180 181 182 183 184 187 188 255
83 124 177 179 180 181 182 183 184 185 187 339
100 124 177 178 179 180 182 183 184 185 187 329
124 124 177 178 179 180 181 182 183 185 187 311
124 177 178 179 180 181 182 183 185 187 191 247
124 166 177 178 179 180 181 182 183 184 185 275
124 177 178 179 180 181 182 183 184 185 190 251
24 177 179 180 181 182 183 184 185 187 251 292
46 177 178 179 180 182 183 184 185 187 251 269
64 177 178 179 180 181 182 183 185 187 251 251
120 177 178 179 180 181 182 183 185 187 191 251
106 177 178 179 180 181 182 183 184 185 209 251
128 166 177 178 179 180 181 182 183 184 187 269
128 177 178 179 180 181 182 183 184 187 188 247
56 103 177 178 181 182 183 184 186 187 230 339
56 120 177 178 179 182 183 184 186 187 230 329
56 166 177 178 179 181 182 183 186 187 247 275
56 177 178 179 181 182 183 184 186 189 230 272
120 166 177 178 179 180 181 182 183 184 188 275
83 177 178 179 180 181 182 183 184 187 188 292
177 178 179 180 181 182 183 183 184 187 188 192
100 120 177 178 180 181 182 183 184 187 247 275
100 103 177 178 180 181 182 183 184 187 188 339
100 120 177 178 179 180 182 183 184 187 188 329
100 166 177 178 179 180 181 182 183 184 209 275
100 177 178 179 180 181 182 183 184 188 189 272
103 103 177 178 180 181 182 183 184 187 230 303
177 178 179 180 181 182 183 184 184 186 189 191
100 103 177 178 179 181 182 183 184 186 269 272
103 145 177 178 179 181 182 183 184 186 189 303
103 120 177 178 179 180 181 183 184 186 251 272
103 124 177 178 179 180 181 183 184 186 247 272
103 145 177 178 179 180 181 182 183 184 230 272
103 177 178 179 180 181 182 183 184 188 189 269
56 145 177 178 180 181 182 183 184 187 272 272
24 145 177 178 181 182 183 184 186 187 272 303
24 177 178 180 181 182 183 184 187 188 269 272
46 145 177 178 179 182 183 184 186 187 247 303
46 177 178 179 180 182 183 184 187 188 247 269
106 120 177 178 179 181 182 183 186 187 209 303
106 120 177 178 180 181 182 183 184 187 247 269
106 166 177 178 179 180 181 182 183 184 209 269
106 177 178 179 180 181 182 183 184 188 209 247
120 166 177 178 179 180 181 182 183 184 209 255
83 100 177 179 180 181 182 183 184 187 209 339
100 100 177 178 179 180 182 183 184 187 209 329
100 124 177 178 179 180 181 182 183 187 209 311
100 177 178 179 180 181 182 183 187 191 209 247
100 177 178 179 180 181 182 183 184 190 209 251
83 120 177 179 180 181 182 183 184 187 188 339
120 120 177 178 180 181 182 183 184 187 247 255
120 124 177 178 179 180 181 182 183 187 188 311
120 177 178 179 180 181 182 183 187 188 191 247
120 177 178 179 180 181 182 183 184 188 190 251
120 124 166 177 178 179 180 182 183 184 185 329
124 124 145 177 178 179 180 181 183 185 187 339
124 124 177 178 179 180 181 183 185 187 189 303
177 178 179 180 181 182 182 183 185 187 189 191
103 124 166 177 178 180 181 182 183 184 185 339
124 145 166 177 178 179 180 181 182 183 184 311
124 166 177 178 179 180 181 182 183 184 190 269
100 124 177 178 179 180 181 183 184 185 251 272
103 124 177 178 179 180 181 183 184 185 251 269
124 177 178 179 180 181 182 183 184 188 190 247
24 166 177 179 180 181 182 183 184 187 269 292
24 177 179 180 181 182 183 184 187 188 247 292
46 166 177 178 179 180 182 183 184 187 269 269
46 177 178 179 180 182 183 184 185 209 247 251
24 177 178 179 180 181 183 185 187 230 251 251
56 177 178 179 180 181 183 185 187 189 251 251
64 166 177 178 179 180 181 182 183 187 251 269
64 177 178 179 180 181 182 183 187 188 247 251
120 166 177 178 179 180 181 182 183 187 191 269
24 177 178 180 181 182 183 184 185 209 251 272
64 177 178 179 180 181 182 183 184 209 230 251
128 166 177 178 179 180 181 182 183 184 209 247
120 128 177 178 180 181 182 183 184 187 247 247
56 100 177 178 181 182 183 184 187 188 230 339
56 103 166 177 178 181 182 183 186 187 247 339
56 103 177 178 181 182 183 184 187 230 230 303
56 120 166 177 178 179 182 183 186 187 247 329
56 177 178 179 181 182 183 186 187 187 247 255
56 177 178 179 181 182 183 186 187 190 247 251
56 166 177 178 179 181 182 183 186 189 247 272
24 177 178 179 181 182 183 184 186 230 230 272
64 177 178 179 181 182 182 183 184 186 230 272
56 120 177 178 179 181 183 184 186 230 251 272
56 124 177 178 179 181 183 184 186 230 247 272
56 145 177 178 179 181 182 183 184 230 230 272
56 177 178 179 181 182 183 184 188 189 230 269
120 120 166 177 178 180 181 182 183 184 247 275
103 120 166 177 178 180 181 182 183 184 188 339
120 120 166 177 178 179 180 182 183 184 188 329
83 120 177 178 180 181 182 183 184 187 247 292
83 166 177 178 179 180 181 182 183 184 209 292
120 177 178 180 181 182 183 183 184 187 192 247
166 177 178 179 180 181 182 183 183 184 192 209
100 120 120 177 178 180 182 183 184 187 247 329
100 120 177 178 180 181 182 183 184 189 247 272
100 103 166 177 178 180 181 182 183 184 209 339
100 120 166 177 178 179 180 182 183 184 209 329
177 178 179 180 181 182 182 183 184 188 189 190
100 100 177 178 179 181 182 183 184 188 269 272
100 145 177 178 179 181 182 183 184 188 189 303
100 120 177 178 179 180 181 183 184 188 251 272
100 124 177 178 179 180 181 183 184 188 247 272
103 103 166 177 178 180 181 182 183 187 247 303
100 177 178 179 181 182 183 184 184 186 191 269
120 177 178 179 180 181 183 184 184 186 191 251
124 177 178 179 180 181 183 184 184 186 191 247
145 177 178 179 180 181 182 183 184 184 191 230
103 177 178 179 181 182 182 183 184 186 190 269
100 177 178 179 181 182 182 183 184 186 190 272
100 103 177 178 179 181 182 183 184 188 269 269
103 120 177 178 179 181 182 183 186 189 209 303
103 120 145 177 178 179 181 183 184 186 251 303
103 124 145 177 178 179 181 183 184 186 247 303
103 145 145 177 178 179 181 182 183 184 230 303
103 145 145 177 178 179 181 182 183 184 186 339
103 145 177 178 179 181 182 182 183 184 186 311
103 120 177 178 179 180 181 183 184 188 251 269
103 124 177 178 179 180 181 183 184 188 247 269
103 120 177 178 179 180 181 182 183 209 230 272
103 145 166 177 178 179 180 181 182 183 247 272
103 120 177 178 180 181 182 183 184 189 247 269
56 120 177 178 180 181 182 183 187 209 272 272
56 145 145 177 178 181 182 183 184 187 272 303
24 120 177 178 181 182 183 186 187 209 272 303
24 145 177 178 181 182 183 184 187 188 269 303
24 166 177 178 180 181 182 183 184 209 269 272
24 177 178 180 181 182 183 184 188 209 247 272
46 120 177 178 179 182 183 186 187 209 247 303
46 120 177 178 180 182 183 184 187 247 247 269
46 166 177 178 179 180 182 183 184 209 247 269
46 177 178 179 180 182 183 184 188 209 247 247
120 124 177 178 179 181 182 183 186 187 190 303
120 128 177 178 179 181 182 183 186 187 187 303
106 120 177 178 180 181 182 183 184 209 247 247
145 166 177 178 179 180 181 182 183 184 184 255
120 177 178 179 180 181 182 183 184 191 209 230
83 120 166 177 179 180 181 182 183 184 209 339
120 124 166 177 178 179 180 181 182 183 209 311
120 166 177 178 179 180 181 182 183 191 209 247
100 124 145 177 178 179 180 181 183 187 209 339
100 124 177 178 179 180 181 183 187 189 209 303
100 177 178 179 180 181 182 183 187 187 191 269
100 100 177 178 179 180 181 183 184 209 251 272
100 103 177 178 179 180 181 183 184 209 251 269
83 120 120 177 180 181 182 183 184 187 247 339
120 120 124 177 178 180 181 182 183 187 247 311
120 120 177 178 180 181 182 183 184 190 247 251
120 120 145 177 178 180 181 182 183 184 187 345
120 124 145 177 178 179 180 181 183 187 188 339
120 124 177 178 179 180 181 183 187 188 189 303
100 124 124 177 178 179 181 183 185 187 269 303
100 177 178 179 181 182 182 183 185 187 191 269
56 124 166 177 178 181 182 183 184 185 230 339
145 166 177 178 179 180 181 182 183 184 191 247
124 145 145 166 177 178 179 180 181 183 184 339
124 145 166 177 178 179 180 181 183 184 189 303
100 124 166 177 178 179 180 181 183 184 269 272
103 124 166 177 178 179 180 181 183 184 269 269
100 177 178 179 180 181 183 184 185 185 190 272
103 177 178 179 180 181 183 184 185 185 190 269
100 124 145 177 178 179 181 183 184 185 251 303
56 124 177 178 179 181 183 184 185 230 251 269
120 124 177 178 180 181 182 183 184 190 247 247
24 166 177 179 180 181 182 183 184 209 247 292
24 120 177 180 181 182 183 184 187 247 247 292
24 166 177 178 179 180 181 183 187 230 251 269
24 177 178 179 180 181 183 187 188 230 247 251
56 100 177 178 179 181 183 185 187 251 251 269
56 166 177 178 179 180 181 183 187 189 251 269
56 177 178 179 180 181 183 187 188 189 247 251
64 166 177 178 179 180 181 182 183 209 247 251
64 120 177 178 180 181 182 183 187 247 247 251
24 145 177 178 181 182 183 184 185 209 251 303
24 177 178 179 180 181 183 184 209 230 230 251
56 177 178 179 180 181 183 184 189 209 230 251
128 177 178 179 180 181 182 183 184 184 209 230
30 177 178 180 181 182 183 184 187 230 247 247
56 120 166 177 178 181 182 183 184 188 230 339
56 100 166 177 178 181 182 183 187 188 247 339
56 100 166 177 178 181 182 183 184 209 230 339
56 103 166 177 178 181 182 183 187 230 247 303
56 100 177 178 179 182 183 186 187 187 247 329
56 166 177 178 179 179 182 183 186 187 188 329
56 83 177 179 181 182 183 186 187 187 247 339
56 145 177 178 179 181 182 183 186 187 187 345
56 100 177 178 179 181 183 186 187 247 251 272
56 103 177 178 179 181 183 186 187 247 251 269
24 166 177 178 179 181 182 183 186 230 247 272
64 166 177 178 179 181 182 182 183 186 247 272
56 120 166 177 178 179 181 183 186 247 251 272
56 124 166 177 178 179 181 183 186 247 247 272
56 145 166 177 178 179 181 182 183 230 247 272
56 166 177 178 179 181 182 183 188 189 247 269
24 177 178 179 181 182 183 184 188 230 230 269
106 177 178 179 181 182 182 183 184 185 186 272
64 177 178 179 181 182 182 183 184 188 230 269
56 120 177 178 179 181 183 184 188 230 251 269
56 124 177 178 179 181 183 184 188 230 247 269
56 120 177 178 179 181 182 183 209 230 230 272
56 120 177 178 181 182 183 184 189 230 247 269
103 166 177 178 178 180 181 182 183 184 188 292
120 177 178 180 181 182 182 183 184 189 190 247
100 100 120 177 178 181 182 183 184 247 269 272
100 120 145 177 178 181 182 183 184 189 247 303
100 120 120 177 178 180 181 183 184 247 251 272
100 120 124 177 178 180 181 183 184 247 247 272
100 145 166 177 178 179 180 182 183 184 184 329
100 177 178 179 181 182 182 183 184 188 190 269
100 120 177 178 179 181 182 183 188 189 209 303
100 120 145 177 178 179 181 183 184 188 251 303
100 124 145 177 178 179 181 183 184 188 247 303
100 145 145 177 178 179 181 182 183 184 188 339
100 145 177 178 179 181 182 182 183 184 188 311
103 177 178 179 181 182 182 183 184 185 186 275
100 103 120 177 178 181 182 183 184 247 269 269
103 120 120 177 178 179 181 183 186 209 251 303
103 120 124 177 178 179 181 183 186 209 247 303
103 120 145 177 178 179 181 182 183 209 230 303
103 120 145 177 178 179 181 182 183 186 209 339
103 120 177 178 179 181 182 182 183 186 209 311
103 145 145 166 177 178 179 181 182 183 247 303
103 120 120 177 178 180 181 183 184 247 251 269
103 120 124 177 178 180 181 183 184 247 247 269
56 120 145 177 178 181 182 183 187 209 272 303
24 120 177 178 181 182 183 187 188 209 269 303
24 145 166 177 178 181 182 183 184 209 269 303
24 145 177 178 181 182 183 184 188 209 247 303
83 177 178 178 180 181 182 183 184 188 209 272
46 177 178 179 179 182 183 186 187 188 209 303
46 120 177 178 179 182 183 186 187 187 269 303
46 177 178 179 180 182 183 184 184 209 230 269
100 120 124 177 178 179 181 183 186 187 272 303
103 120 124 177 178 179 181 183 186 187 269 303
30 177 178 179 181 182 183 186 187 187 230 303
24 120 177 179 181 182 183 186 187 187 292 303
83 145 166 177 179 180 181 182 183 184 184 339
120 124 145 166 177 178 179 180 181 183 209 339
120 124 166 177 178 179 180 181 183 189 209 303
166 177 178 179 179 180 181 182 183 188 191 209
100 100 124 177 178 179 181 183 187 209 269 303
100 100 145 177 178 179 181 183 184 209 251 303
103 177 178 179 180 180 181 183 184 189 209 251
56 100 177 178 179 181 183 184 209 230 251 269
120 120 124 145 177 178 180 181 183 187 247 339
120 120 124 177 178 180 181 183 187 189 247 303
120 120 145 177 178 180 181 182 183 187 189 339
124 145 177 178 178 179 180 181 183 187 188 292
100 120 124 177 178 179 181 183 187 188 269 303
120 124 124 166 177 178 179 181 183 185 269 303
100 124 124 177 178 179 181 183 185 209 247 303
120 166 177 178 179 181 182 182 183 185 191 269
100 177 178 179 181 182 182 183 185 191 209 247
56 124 166 166 177 178 181 182 183 185 247 339
124 166 177 178 179 180 180 181 183 184 189 272
100 124 145 166 177 178 179 181 183 184 269 303
56 124 166 177 178 179 181 183 184 230 269 269
64 177 178 179 180 181 183 184 185 185 230 272
100 145 177 178 179 181 183 184 185 185 190 303
56 177 178 179 181 183 184 185 185 190 230 269
103 145 177 178 179 180 181 183 184 185 185 311
100 120 124 177 178 179 181 183 185 209 251 303
56 124 166 177 178 179 181 183 185 247 251 269
24 177 179 180 181 182 183 184 184 209 230 292
24 166 177 178 179 180 181 183 209 230 247 251
83 177 178 178 179 180 181 183 187 188 230 251
24 120 177 178 180 181 183 187 230 247 247 251
56 120 166 177 178 179 181 183 185 251 251 269
56 100 166 177 178 179 181 183 187 251 269 269
56 100 177 178 179 181 183 187 188 247 251 269
56 100 177 178 179 181 183 185 209 247 251 251
56 166 177 178 179 180 181 183 189 209 247 251
56 120 177 178 180 181 183 187 189 247 247 251
24 120 177 178 181 182 183 185 209 209 251 303
24 177 178 180 181 182 183 187 189 230 247 247
56 166 177 178 178 181 182 183 184 188 230 292
56 120 166 166 177 178 181 182 183 188 247 339
56 100 166 166 177 178 181 182 183 209 247 339
56 100 166 166 177 178 181 182 183 187 269 339
56 100 166 177 178 181 182 183 185 187 251 339
56 83 177 179 181 182 183 187 187 230 247 303
56 103 177 178 179 181 183 186 209 247 247 251
83 166 177 178 178 179 181 182 183 186 230 272
106 166 177 178 179 179 181 182 183 186 230 247
24 166 177 178 179 181 182 183 188 230 247 269
64 166 177 178 179 181 182 182 183 188 247 269
56 166 177 178 179 179 181 183 186 188 251 272
56 120 166 177 178 179 181 183 188 247 251 269
56 124 166 177 178 179 181 183 188 247 247 269
56 177 178 179 181 182 183 185 188 189 247 251
56 120 166 177 178 181 182 183 189 247 247 269
56 166 177 178 179 181 182 183 185 189 251 269
24 120 177 178 181 182 183 184 230 230 247 269
46 177 178 179 182 182 183 184 185 186 247 272
106 177 178 179 181 182 182 183 184 185 188 269
64 120 177 178 181 182 182 183 184 230 247 269
56 120 120 177 178 181 183 184 230 247 251 269
56 120 124 177 178 181 183 184 230 247 247 269
100 120 177 178 181 182 182 183 184 190 247 269
100 120 120 177 178 181 182 183 189 209 247 303
100 120 120 145 177 178 181 183 184 247 251 303
100 120 124 145 177 178 181 183 184 247 247 303
100 120 145 145 177 178 181 182 183 184 247 339
100 120 145 177 178 181 182 182 183 184 247 311
100 177 178 179 181 182 182 183 184 185 188 275
120 124 177 178 179 181 182 183 185 188 189 303
100 124 177 178 179 181 182 183 185 189 209 303
100 120 120 177 178 179 181 183 188 209 251 303
100 120 124 177 178 179 181 183 188 209 247 303
100 120 145 177 178 179 181 182 183 188 209 339
100 120 177 178 179 181 182 182 183 188 209 311
103 120 177 178 179 182 182 183 184 185 186 329
103 124 177 178 179 179 181 183 186 188 209 303
120 145 177 178 179 179 181 182 183 186 209 275
103 145 177 178 178 179 181 182 183 186 209 292
24 100 177 178 181 182 183 187 209 209 269 303
24 124 177 178 181 182 183 185 187 209 269 303
24 120 166 177 178 181 182 183 209 209 269 303
24 120 177 178 181 182 183 188 209 209 247 303
83 145 177 178 178 181 182 183 184 188 209 303
120 120 124 166 177 178 179 181 183 186 272 303
56 120 145 177 179 181 182 183 187 187 292 303
83 166 177 179 180 181 182 183 184 184 189 303
124 145 166 177 178 178 179 180 181 183 209 292
100 120 124 166 177 178 179 181 183 209 269 303
106 177 178 179 180 180 181 183 184 187 209 251
56 100 166 177 178 179 181 183 209 247 251 269
120 124 145 177 178 178 180 181 183 187 247 292
100 120 120 124 177 178 181 183 187 247 269 303
120 145 177 178 178 180 181 182 183 187 189 292
100 120 120 145 177 178 181 182 183 187 269 339
120 120 124 166 177 178 179 181 183 188 269 303
120 124 124 177 178 179 181 183 185 188 247 303
64 166 177 178 179 181 182 182 183 185 251 269
128 166 177 178 179 181 182 182 183 184 185 269
120 177 178 179 181 182 182 183 185 188 191 247
100 124 177 178 179 181 182 182 183 185 209 311
100 177 178 179 181 182 182 183 184 185 209 255
56 120 166 166 177 178 181 182 183 185 251 339
124 166 177 178 179 180 180 181 183 184 187 275
64 145 177 178 179 181 183 184 185 185 230 303
64 166 177 178 179 180 181 183 185 185 247 272
100 120 177 178 179 181 183 185 185 190 209 303
56 166 177 178 179 181 183 185 185 190 247 269
56 145 177 178 179 181 183 184 185 185 230 311
103 120 177 178 179 180 181 183 185 185 209 311
120 120 124 177 178 179 181 183 185 188 251 303
56 124 177 178 179 181 183 185 188 247 247 251
56 177 179 180 181 182 183 184 184 189 209 292
83 166 177 178 178 179 180 181 183 209 230 251
83 120 177 178 178 180 181 183 187 230 247 251
56 120 177 178 179 181 183 185 188 247 251 251
56 100 120 177 178 181 183 187 247 247 251 269
56 100 177 178 179 181 183 188 209 247 247 251
24 124 177 178 181 182 183 185 209 209 247 303
83 177 178 178 180 181 182 183 187 189 230 247
24 100 177 178 181 182 183 187 230 247 247 269
56 166 166 177 178 180 181 182 183 187 189 339
83 103 177 179 180 181 182 183 187 187 247 303
83 166 177 178 178 179 181 182 183 188 230 269
24 177 178 179 181 182 183 185 188 230 247 251
24 120 166 177 178 181 182 183 230 247 247 269
24 166 177 178 179 181 182 183 185 230 251 269
64 177 178 179 181 182 182 183 185 188 247 251
56 120 177 178 181 182 183 185 189 247 247 251
56 100 177 178 181 182 183 187 189 247 247 269
24 177 178 181 182 182 183 184 185 188 269 272
46 177 178 179 182 182 183 184 185 188 247 269
64 177 178 179 181 182 183 184 185 185 186 311
83 177 178 179 181 182 182 183 184 185 188 292
120 177 178 179 181 182 182 183 184 185 188 255
128 177 178 179 181 182 182 183 184 185 188 247
106 120 177 178 181 182 182 183 184 185 247 269
100 120 177 178 181 182 182 183 184 185 247 275
120 120 124 177 178 181 182 183 185 189 247 303
100 120 120 145 177 178 181 182 183 209 247 339
100 120 120 177 178 181 182 183 187 189 269 303
100 103 177 178 181 182 182 183 184 185 188 339
100 120 177 178 179 182 182 183 184 185 188 329
120 124 145 177 178 179 181 182 183 185 188 339
120 124 177 178 179 181 182 182 183 185 188 311
100 124 145 177 178 179 181 182 183 185 209 339
100 145 177 178 178 179 181 182 183 188 209 292
24 177 178 180 181 182 183 187 189 209 209 303
56 120 177 179 180 181 182 183 187 187 272 292
83 100 166 177 179 181 182 183 184 184 269 303
83 120 166 177 179 180 181 183 184 184 251 303
83 124 166 177 179 180 181 183 184 184 247 303
24 177 178 180 180 181 183 184 187 209 251 272
46 177 178 179 180 180 183 184 187 209 247 251
124 177 178 179 180 180 181 183 184 187 190 251
100 120 145 177 178 178 181 182 183 187 269 292
24 166 177 179 181 182 182 183 184 185 269 292
83 100 177 179 181 182 182 183 184 185 209 339
103 124 166 177 178 180 180 181 183 184 187 339
120 124 166 177 178 179 180 180 183 184 187 329
64 120 177 178 179 181 183 185 185 209 230 303
64 177 178 179 181 183 184 185 185 186 189 303
64 145 166 177 178 179 181 183 185 185 247 303
64 145 177 178 179 181 183 184 185 185 186 339
56 145 166 177 178 179 181 183 185 185 247 311
24 177 178 179 181 183 184 185 185 186 230 311
56 120 177 178 179 181 183 185 185 209 230 311
56 177 178 179 181 183 184 185 185 186 189 311
56 100 177 179 181 182 183 184 184 209 269 292
56 120 177 179 180 181 183 184 184 209 251 292
56 124 177 179 180 181 183 184 184 209 247 292
83 100 177 178 178 181 182 183 187 230 247 269
24 166 166 177 178 180 181 182 183 187 230 339
56 120 166 166 177 178 180 181 183 187 251 339
56 124 166 166 177 178 180 181 183 187 247 339
56 166 166 177 178 180 181 182 183 184 187 345
83 177 178 178 179 181 182 183 185 188 230 251
83 120 166 177 178 178 181 182 183 230 247 269
24 120 177 178 181 182 183 185 230 247 247 251
24 177 179 181 182 182 183 184 185 188 247 292
83 120 177 179 181 182 182 183 184 185 188 339
83 120 177 178 181 182 182 183 184 185 247 292
120 120 124 145 177 178 181 182 183 185 247 339
100 120 145 177 178 178 181 182 183 209 247 292
124 145 177 178 178 179 181 182 183 185 188 292
30 177 178 180 181 182 183 184 187 209 209 303
24 120 177 178 180 181 183 187 209 209 251 303
24 124 177 178 180 181 183 187 209 209 247 303
24 145 177 178 180 181 182 183 187 209 209 339
83 100 177 179 181 182 183 184 184 185 251 303
83 100 177 179 181 182 183 184 184 188 247 303
83 100 177 179 180 181 183 184 184 187 251 303
24 145 177 178 180 181 183 184 187 209 251 303
56 124 166 177 178 180 181 183 184 187 230 339
64 120 177 178 179 181 183 185 185 186 209 339
24 166 177 178 179 181 183 185 185 186 247 311
56 120 177 179 181 182 183 184 184 188 269 292
56 124 177 179 181 182 183 184 184 185 269 292
56 124 177 179 180 181 183 184 184 187 269 292
56 100 166 177 178 180 181 183 187 187 251 339
83 120 177 178 178 181 182 183 185 230 247 251
120 124 145 177 178 178 181 182 183 185 247 292
24 124 177 178 180 181 183 187 187 209 269 303
83 103 177 179 181 182 183 184 184 186 247 303
56 120 177 179 181 182 183 184 184 186 272 292
